47.000000  5.500000  -34.500000  0.000000  90.000000  0.000000
52.000000  5.500000  -34.500000  0.000000  90.000000  0.000000
55.000000  5.500000  -33.500000  0.000000  35.000000  0.000000
55.000000  5.500000  -31.500000  0.000000  0.000000  0.000000
55.000000  5.500000  -21.500000  0.000000  0.000000  0.000000
55.000000  7.000000  -18.000000  -65.000000  0.000000  0.000000
55.000000  19.500000  -12.500000  -65.000000  0.000000  0.000000
55.000000  21.000000  -11.500000  -20.000000  0.000000  0.000000
55.000000  21.000000  -10.000000  0.000000  0.000000  0.000000
55.000000  20.500000  -8.500000  65.000000  0.000000  0.000000
55.000000  11.500000  -6.000000  75.000000  0.000000  0.000000
54.500000  9.500000  -4.500000  25.000000  0.000000  0.000000
54.500000  8.500000  -1.000000  0.000000  0.000000  0.000000
54.500000  8.500000  2.500000  0.000000  0.000000  0.000000
54.500000  9.000000  5.000000  -20.000000  0.000000  0.000000
55.000000  11.500000  8.000000  -75.000000  0.000000  10.000000
55.000000  16.000000  7.000000  -130.000000  0.000000  25.000000
55.500000  18.500000  2.000000  -170.000000  5.000000  20.000000
56.000000  16.500000  -3.500000  -240.000000  5.000000  20.000000
56.500000  10.500000  -2.000000  -325.000000  5.000000  15.000000
56.500000  8.500000  10.500000  -360.000000  -10.000000  -10.000000
50.500000  11.500000  15.500000  -340.000000  -150.000000  40.000000
48.500000  13.500000  6.500000  -355.000000  -185.000000  40.000000
49.500000  14.000000  1.500000  -370.000000  -215.000000  30.000000
58.500000  11.500000  1.500000  -345.000000  -305.000000  -10.000000
64.000000  10.000000  8.000000  -345.000000  -330.000000  5.000000
67.000000  8.500000  15.000000  -345.000000  -345.000000  25.000000
67.000000  8.500000  24.000000  -360.000000  -360.000000  5.000000
67.000000  10.500000  27.500000  -430.000000  -370.000000  5.000000
66.000000  17.000000  29.500000  -430.000000  -365.000000  5.000000
65.500000  19.000000  31.000000  -360.000000  -365.000000  0.000000
65.000000  19.000000  33.000000  -360.000000  -450.000000  0.000000
60.500000  18.000000  33.000000  -285.000000  -425.000000  70.000000
47.000000  14.000000  33.500000  -260.000000  -430.000000  105.000000
41.500000  13.500000  32.000000  -185.000000  -420.000000  180.000000
44.000000  13.500000  29.500000  -225.000000  -275.000000  225.000000
58.500000  12.500000  29.500000  -220.000000  -280.000000  195.000000
60.000000  12.500000  27.000000  -190.000000  -390.000000  160.000000
57.000000  12.000000  25.500000  -265.000000  -425.000000  95.000000
45.500000  6.500000  25.500000  -265.000000  -420.000000  95.000000
41.500000  6.000000  23.500000  -360.000000  -525.000000  5.000000
41.500000  6.000000  18.500000  -360.000000  -540.000000  0.000000
41.500000  6.000000  -32.000000  -360.000000  -540.000000  0.000000
44.000000  6.000000  -34.500000  -360.000000  -630.000000  0.000000
47.000000  5.500000  -34.500000  0.000000  90.000000  0.000000